/*--------------------------------*- C++ -*----------------------------------*\
| =========                 |                                                 |
| \\      /  F ield         | foam-extend: Open Source CFD                    |
|  \\    /   O peration     | Version:     4.1                                |
|   \\  /    A nd           | Web:         http://www.foam-extend.org         |
|    \\/     M anipulation  |                                                 |
\*---------------------------------------------------------------------------*/
FoamFile
{
    version     2.0;
    format      ascii;
    class       labelList;
    note        "nPoints: 7852 nCells: 3750 nFaces: 15175 nInternalFaces: 7325";
    location    "constant/polyMesh";
    object      neighbour;
}
// * * * * * * * * * * * * * * * * * * * * * * * * * * * * * * * * * * * * * //


7325
(
1
150
2
151
3
152
4
153
5
154
6
155
7
156
8
157
9
158
10
159
11
160
12
161
13
162
14
163
15
164
16
165
17
166
18
167
19
168
20
169
21
170
22
171
23
172
24
173
25
174
26
175
27
176
28
177
29
178
30
179
31
180
32
181
33
182
34
183
35
184
36
185
37
186
38
187
39
188
40
189
41
190
42
191
43
192
44
193
45
194
46
195
47
196
48
197
49
198
50
199
51
200
52
201
53
202
54
203
55
204
56
205
57
206
58
207
59
208
60
209
61
210
62
211
63
212
64
213
65
214
66
215
67
216
68
217
69
218
70
219
71
220
72
221
73
222
74
223
75
224
76
225
77
226
78
227
79
228
80
229
81
230
82
231
83
232
84
233
85
234
86
235
87
236
88
237
89
238
90
239
91
240
92
241
93
242
94
243
95
244
96
245
97
246
98
247
99
248
100
249
101
250
102
251
103
252
104
253
105
254
106
255
107
256
108
257
109
258
110
259
111
260
112
261
113
262
114
263
115
264
116
265
117
266
118
267
119
268
120
269
121
270
122
271
123
272
124
273
125
274
126
275
127
276
128
277
129
278
130
279
131
280
132
281
133
282
134
283
135
284
136
285
137
286
138
287
139
288
140
289
141
290
142
291
143
292
144
293
145
294
146
295
147
296
148
297
149
298
299
151
300
152
301
153
302
154
303
155
304
156
305
157
306
158
307
159
308
160
309
161
310
162
311
163
312
164
313
165
314
166
315
167
316
168
317
169
318
170
319
171
320
172
321
173
322
174
323
175
324
176
325
177
326
178
327
179
328
180
329
181
330
182
331
183
332
184
333
185
334
186
335
187
336
188
337
189
338
190
339
191
340
192
341
193
342
194
343
195
344
196
345
197
346
198
347
199
348
200
349
201
350
202
351
203
352
204
353
205
354
206
355
207
356
208
357
209
358
210
359
211
360
212
361
213
362
214
363
215
364
216
365
217
366
218
367
219
368
220
369
221
370
222
371
223
372
224
373
225
374
226
375
227
376
228
377
229
378
230
379
231
380
232
381
233
382
234
383
235
384
236
385
237
386
238
387
239
388
240
389
241
390
242
391
243
392
244
393
245
394
246
395
247
396
248
397
249
398
250
399
251
400
252
401
253
402
254
403
255
404
256
405
257
406
258
407
259
408
260
409
261
410
262
411
263
412
264
413
265
414
266
415
267
416
268
417
269
418
270
419
271
420
272
421
273
422
274
423
275
424
276
425
277
426
278
427
279
428
280
429
281
430
282
431
283
432
284
433
285
434
286
435
287
436
288
437
289
438
290
439
291
440
292
441
293
442
294
443
295
444
296
445
297
446
298
447
299
448
449
301
450
302
451
303
452
304
453
305
454
306
455
307
456
308
457
309
458
310
459
311
460
312
461
313
462
314
463
315
464
316
465
317
466
318
467
319
468
320
469
321
470
322
471
323
472
324
473
325
474
326
475
327
476
328
477
329
478
330
479
331
480
332
481
333
482
334
483
335
484
336
485
337
486
338
487
339
488
340
489
341
490
342
491
343
492
344
493
345
494
346
495
347
496
348
497
349
498
350
499
351
500
352
501
353
502
354
503
355
504
356
505
357
506
358
507
359
508
360
509
361
510
362
511
363
512
364
513
365
514
366
515
367
516
368
517
369
518
370
519
371
520
372
521
373
522
374
523
375
524
376
525
377
526
378
527
379
528
380
529
381
530
382
531
383
532
384
533
385
534
386
535
387
536
388
537
389
538
390
539
391
540
392
541
393
542
394
543
395
544
396
545
397
546
398
547
399
548
400
549
401
550
402
551
403
552
404
553
405
554
406
555
407
556
408
557
409
558
410
559
411
560
412
561
413
562
414
563
415
564
416
565
417
566
418
567
419
568
420
569
421
570
422
571
423
572
424
573
425
574
426
575
427
576
428
577
429
578
430
579
431
580
432
581
433
582
434
583
435
584
436
585
437
586
438
587
439
588
440
589
441
590
442
591
443
592
444
593
445
594
446
595
447
596
448
597
449
598
599
451
600
452
601
453
602
454
603
455
604
456
605
457
606
458
607
459
608
460
609
461
610
462
611
463
612
464
613
465
614
466
615
467
616
468
617
469
618
470
619
471
620
472
621
473
622
474
623
475
624
476
625
477
626
478
627
479
628
480
629
481
630
482
631
483
632
484
633
485
634
486
635
487
636
488
637
489
638
490
639
491
640
492
641
493
642
494
643
495
644
496
645
497
646
498
647
499
648
500
649
501
650
502
651
503
652
504
653
505
654
506
655
507
656
508
657
509
658
510
659
511
660
512
661
513
662
514
663
515
664
516
665
517
666
518
667
519
668
520
669
521
670
522
671
523
672
524
673
525
674
526
675
527
676
528
677
529
678
530
679
531
680
532
681
533
682
534
683
535
684
536
685
537
686
538
687
539
688
540
689
541
690
542
691
543
692
544
693
545
694
546
695
547
696
548
697
549
698
550
699
551
700
552
701
553
702
554
703
555
704
556
705
557
706
558
707
559
708
560
709
561
710
562
711
563
712
564
713
565
714
566
715
567
716
568
717
569
718
570
719
571
720
572
721
573
722
574
723
575
724
576
725
577
726
578
727
579
728
580
729
581
730
582
731
583
732
584
733
585
734
586
735
587
736
588
737
589
738
590
739
591
740
592
741
593
742
594
743
595
744
596
745
597
746
598
747
599
748
749
601
750
602
751
603
752
604
753
605
754
606
755
607
756
608
757
609
758
610
759
611
760
612
761
613
762
614
763
615
764
616
765
617
766
618
767
619
768
620
769
621
770
622
771
623
772
624
773
625
774
626
775
627
776
628
777
629
778
630
779
631
780
632
781
633
782
634
783
635
784
636
785
637
786
638
787
639
788
640
789
641
790
642
791
643
792
644
793
645
794
646
795
647
796
648
797
649
798
650
799
651
800
652
801
653
802
654
803
655
804
656
805
657
806
658
807
659
808
660
809
661
810
662
811
663
812
664
813
665
814
666
815
667
816
668
817
669
818
670
819
671
820
672
821
673
822
674
823
675
824
676
825
677
826
678
827
679
828
680
829
681
830
682
831
683
832
684
833
685
834
686
835
687
836
688
837
689
838
690
839
691
840
692
841
693
842
694
843
695
844
696
845
697
846
698
847
699
848
700
849
701
850
702
851
703
852
704
853
705
854
706
855
707
856
708
857
709
858
710
859
711
860
712
861
713
862
714
863
715
864
716
865
717
866
718
867
719
868
720
869
721
870
722
871
723
872
724
873
725
874
726
875
727
876
728
877
729
878
730
879
731
880
732
881
733
882
734
883
735
884
736
885
737
886
738
887
739
888
740
889
741
890
742
891
743
892
744
893
745
894
746
895
747
896
748
897
749
898
899
751
900
752
901
753
902
754
903
755
904
756
905
757
906
758
907
759
908
760
909
761
910
762
911
763
912
764
913
765
914
766
915
767
916
768
917
769
918
770
919
771
920
772
921
773
922
774
923
775
924
776
925
777
926
778
927
779
928
780
929
781
930
782
931
783
932
784
933
785
934
786
935
787
936
788
937
789
938
790
939
791
940
792
941
793
942
794
943
795
944
796
945
797
946
798
947
799
948
800
949
801
950
802
951
803
952
804
953
805
954
806
955
807
956
808
957
809
958
810
959
811
960
812
961
813
962
814
963
815
964
816
965
817
966
818
967
819
968
820
969
821
970
822
971
823
972
824
973
825
974
826
975
827
976
828
977
829
978
830
979
831
980
832
981
833
982
834
983
835
984
836
985
837
986
838
987
839
988
840
989
841
990
842
991
843
992
844
993
845
994
846
995
847
996
848
997
849
998
850
999
851
1000
852
1001
853
1002
854
1003
855
1004
856
1005
857
1006
858
1007
859
1008
860
1009
861
1010
862
1011
863
1012
864
1013
865
1014
866
1015
867
1016
868
1017
869
1018
870
1019
871
1020
872
1021
873
1022
874
1023
875
1024
876
1025
877
1026
878
1027
879
1028
880
1029
881
1030
882
1031
883
1032
884
1033
885
1034
886
1035
887
1036
888
1037
889
1038
890
1039
891
1040
892
1041
893
1042
894
1043
895
1044
896
1045
897
1046
898
1047
899
1048
1049
901
1050
902
1051
903
1052
904
1053
905
1054
906
1055
907
1056
908
1057
909
1058
910
1059
911
1060
912
1061
913
1062
914
1063
915
1064
916
1065
917
1066
918
1067
919
1068
920
1069
921
1070
922
1071
923
1072
924
1073
925
1074
926
1075
927
1076
928
1077
929
1078
930
1079
931
1080
932
1081
933
1082
934
1083
935
1084
936
1085
937
1086
938
1087
939
1088
940
1089
941
1090
942
1091
943
1092
944
1093
945
1094
946
1095
947
1096
948
1097
949
1098
950
1099
951
1100
952
1101
953
1102
954
1103
955
1104
956
1105
957
1106
958
1107
959
1108
960
1109
961
1110
962
1111
963
1112
964
1113
965
1114
966
1115
967
1116
968
1117
969
1118
970
1119
971
1120
972
1121
973
1122
974
1123
975
1124
976
1125
977
1126
978
1127
979
1128
980
1129
981
1130
982
1131
983
1132
984
1133
985
1134
986
1135
987
1136
988
1137
989
1138
990
1139
991
1140
992
1141
993
1142
994
1143
995
1144
996
1145
997
1146
998
1147
999
1148
1000
1149
1001
1150
1002
1151
1003
1152
1004
1153
1005
1154
1006
1155
1007
1156
1008
1157
1009
1158
1010
1159
1011
1160
1012
1161
1013
1162
1014
1163
1015
1164
1016
1165
1017
1166
1018
1167
1019
1168
1020
1169
1021
1170
1022
1171
1023
1172
1024
1173
1025
1174
1026
1175
1027
1176
1028
1177
1029
1178
1030
1179
1031
1180
1032
1181
1033
1182
1034
1183
1035
1184
1036
1185
1037
1186
1038
1187
1039
1188
1040
1189
1041
1190
1042
1191
1043
1192
1044
1193
1045
1194
1046
1195
1047
1196
1048
1197
1049
1198
1199
1051
1200
1052
1201
1053
1202
1054
1203
1055
1204
1056
1205
1057
1206
1058
1207
1059
1208
1060
1209
1061
1210
1062
1211
1063
1212
1064
1213
1065
1214
1066
1215
1067
1216
1068
1217
1069
1218
1070
1219
1071
1220
1072
1221
1073
1222
1074
1223
1075
1224
1076
1225
1077
1226
1078
1227
1079
1228
1080
1229
1081
1230
1082
1231
1083
1232
1084
1233
1085
1234
1086
1235
1087
1236
1088
1237
1089
1238
1090
1239
1091
1240
1092
1241
1093
1242
1094
1243
1095
1244
1096
1245
1097
1246
1098
1247
1099
1248
1100
1249
1101
1250
1102
1251
1103
1252
1104
1253
1105
1254
1106
1255
1107
1256
1108
1257
1109
1258
1110
1259
1111
1260
1112
1261
1113
1262
1114
1263
1115
1264
1116
1265
1117
1266
1118
1267
1119
1268
1120
1269
1121
1270
1122
1271
1123
1272
1124
1273
1125
1274
1126
1275
1127
1276
1128
1277
1129
1278
1130
1279
1131
1280
1132
1281
1133
1282
1134
1283
1135
1284
1136
1285
1137
1286
1138
1287
1139
1288
1140
1289
1141
1290
1142
1291
1143
1292
1144
1293
1145
1294
1146
1295
1147
1296
1148
1297
1149
1298
1150
1299
1151
1300
1152
1301
1153
1302
1154
1303
1155
1304
1156
1305
1157
1306
1158
1307
1159
1308
1160
1309
1161
1310
1162
1311
1163
1312
1164
1313
1165
1314
1166
1315
1167
1316
1168
1317
1169
1318
1170
1319
1171
1320
1172
1321
1173
1322
1174
1323
1175
1324
1176
1325
1177
1326
1178
1327
1179
1328
1180
1329
1181
1330
1182
1331
1183
1332
1184
1333
1185
1334
1186
1335
1187
1336
1188
1337
1189
1338
1190
1339
1191
1340
1192
1341
1193
1342
1194
1343
1195
1344
1196
1345
1197
1346
1198
1347
1199
1348
1349
1201
1350
1202
1351
1203
1352
1204
1353
1205
1354
1206
1355
1207
1356
1208
1357
1209
1358
1210
1359
1211
1360
1212
1361
1213
1362
1214
1363
1215
1364
1216
1365
1217
1366
1218
1367
1219
1368
1220
1369
1221
1370
1222
1371
1223
1372
1224
1373
1225
1374
1226
1375
1227
1376
1228
1377
1229
1378
1230
1379
1231
1380
1232
1381
1233
1382
1234
1383
1235
1384
1236
1385
1237
1386
1238
1387
1239
1388
1240
1389
1241
1390
1242
1391
1243
1392
1244
1393
1245
1394
1246
1395
1247
1396
1248
1397
1249
1398
1250
1399
1251
1400
1252
1401
1253
1402
1254
1403
1255
1404
1256
1405
1257
1406
1258
1407
1259
1408
1260
1409
1261
1410
1262
1411
1263
1412
1264
1413
1265
1414
1266
1415
1267
1416
1268
1417
1269
1418
1270
1419
1271
1420
1272
1421
1273
1422
1274
1423
1275
1424
1276
1425
1277
1426
1278
1427
1279
1428
1280
1429
1281
1430
1282
1431
1283
1432
1284
1433
1285
1434
1286
1435
1287
1436
1288
1437
1289
1438
1290
1439
1291
1440
1292
1441
1293
1442
1294
1443
1295
1444
1296
1445
1297
1446
1298
1447
1299
1448
1300
1449
1301
1450
1302
1451
1303
1452
1304
1453
1305
1454
1306
1455
1307
1456
1308
1457
1309
1458
1310
1459
1311
1460
1312
1461
1313
1462
1314
1463
1315
1464
1316
1465
1317
1466
1318
1467
1319
1468
1320
1469
1321
1470
1322
1471
1323
1472
1324
1473
1325
1474
1326
1475
1327
1476
1328
1477
1329
1478
1330
1479
1331
1480
1332
1481
1333
1482
1334
1483
1335
1484
1336
1485
1337
1486
1338
1487
1339
1488
1340
1489
1341
1490
1342
1491
1343
1492
1344
1493
1345
1494
1346
1495
1347
1496
1348
1497
1349
1498
1499
1351
1500
1352
1501
1353
1502
1354
1503
1355
1504
1356
1505
1357
1506
1358
1507
1359
1508
1360
1509
1361
1510
1362
1511
1363
1512
1364
1513
1365
1514
1366
1515
1367
1516
1368
1517
1369
1518
1370
1519
1371
1520
1372
1521
1373
1522
1374
1523
1375
1524
1376
1525
1377
1526
1378
1527
1379
1528
1380
1529
1381
1530
1382
1531
1383
1532
1384
1533
1385
1534
1386
1535
1387
1536
1388
1537
1389
1538
1390
1539
1391
1540
1392
1541
1393
1542
1394
1543
1395
1544
1396
1545
1397
1546
1398
1547
1399
1548
1400
1549
1401
1550
1402
1551
1403
1552
1404
1553
1405
1554
1406
1555
1407
1556
1408
1557
1409
1558
1410
1559
1411
1560
1412
1561
1413
1562
1414
1563
1415
1564
1416
1565
1417
1566
1418
1567
1419
1568
1420
1569
1421
1570
1422
1571
1423
1572
1424
1573
1425
1574
1426
1575
1427
1576
1428
1577
1429
1578
1430
1579
1431
1580
1432
1581
1433
1582
1434
1583
1435
1584
1436
1585
1437
1586
1438
1587
1439
1588
1440
1589
1441
1590
1442
1591
1443
1592
1444
1593
1445
1594
1446
1595
1447
1596
1448
1597
1449
1598
1450
1599
1451
1600
1452
1601
1453
1602
1454
1603
1455
1604
1456
1605
1457
1606
1458
1607
1459
1608
1460
1609
1461
1610
1462
1611
1463
1612
1464
1613
1465
1614
1466
1615
1467
1616
1468
1617
1469
1618
1470
1619
1471
1620
1472
1621
1473
1622
1474
1623
1475
1624
1476
1625
1477
1626
1478
1627
1479
1628
1480
1629
1481
1630
1482
1631
1483
1632
1484
1633
1485
1634
1486
1635
1487
1636
1488
1637
1489
1638
1490
1639
1491
1640
1492
1641
1493
1642
1494
1643
1495
1644
1496
1645
1497
1646
1498
1647
1499
1648
1649
1501
1650
1502
1651
1503
1652
1504
1653
1505
1654
1506
1655
1507
1656
1508
1657
1509
1658
1510
1659
1511
1660
1512
1661
1513
1662
1514
1663
1515
1664
1516
1665
1517
1666
1518
1667
1519
1668
1520
1669
1521
1670
1522
1671
1523
1672
1524
1673
1525
1674
1526
1675
1527
1676
1528
1677
1529
1678
1530
1679
1531
1680
1532
1681
1533
1682
1534
1683
1535
1684
1536
1685
1537
1686
1538
1687
1539
1688
1540
1689
1541
1690
1542
1691
1543
1692
1544
1693
1545
1694
1546
1695
1547
1696
1548
1697
1549
1698
1550
1699
1551
1700
1552
1701
1553
1702
1554
1703
1555
1704
1556
1705
1557
1706
1558
1707
1559
1708
1560
1709
1561
1710
1562
1711
1563
1712
1564
1713
1565
1714
1566
1715
1567
1716
1568
1717
1569
1718
1570
1719
1571
1720
1572
1721
1573
1722
1574
1723
1575
1724
1576
1725
1577
1726
1578
1727
1579
1728
1580
1729
1581
1730
1582
1731
1583
1732
1584
1733
1585
1734
1586
1735
1587
1736
1588
1737
1589
1738
1590
1739
1591
1740
1592
1741
1593
1742
1594
1743
1595
1744
1596
1745
1597
1746
1598
1747
1599
1748
1600
1749
1601
1750
1602
1751
1603
1752
1604
1753
1605
1754
1606
1755
1607
1756
1608
1757
1609
1758
1610
1759
1611
1760
1612
1761
1613
1762
1614
1763
1615
1764
1616
1765
1617
1766
1618
1767
1619
1768
1620
1769
1621
1770
1622
1771
1623
1772
1624
1773
1625
1774
1626
1775
1627
1776
1628
1777
1629
1778
1630
1779
1631
1780
1632
1781
1633
1782
1634
1783
1635
1784
1636
1785
1637
1786
1638
1787
1639
1788
1640
1789
1641
1790
1642
1791
1643
1792
1644
1793
1645
1794
1646
1795
1647
1796
1648
1797
1649
1798
1799
1651
1800
1652
1801
1653
1802
1654
1803
1655
1804
1656
1805
1657
1806
1658
1807
1659
1808
1660
1809
1661
1810
1662
1811
1663
1812
1664
1813
1665
1814
1666
1815
1667
1816
1668
1817
1669
1818
1670
1819
1671
1820
1672
1821
1673
1822
1674
1823
1675
1824
1676
1825
1677
1826
1678
1827
1679
1828
1680
1829
1681
1830
1682
1831
1683
1832
1684
1833
1685
1834
1686
1835
1687
1836
1688
1837
1689
1838
1690
1839
1691
1840
1692
1841
1693
1842
1694
1843
1695
1844
1696
1845
1697
1846
1698
1847
1699
1848
1700
1849
1701
1850
1702
1851
1703
1852
1704
1853
1705
1854
1706
1855
1707
1856
1708
1857
1709
1858
1710
1859
1711
1860
1712
1861
1713
1862
1714
1863
1715
1864
1716
1865
1717
1866
1718
1867
1719
1868
1720
1869
1721
1870
1722
1871
1723
1872
1724
1873
1725
1874
1726
1875
1727
1876
1728
1877
1729
1878
1730
1879
1731
1880
1732
1881
1733
1882
1734
1883
1735
1884
1736
1885
1737
1886
1738
1887
1739
1888
1740
1889
1741
1890
1742
1891
1743
1892
1744
1893
1745
1894
1746
1895
1747
1896
1748
1897
1749
1898
1750
1899
1751
1900
1752
1901
1753
1902
1754
1903
1755
1904
1756
1905
1757
1906
1758
1907
1759
1908
1760
1909
1761
1910
1762
1911
1763
1912
1764
1913
1765
1914
1766
1915
1767
1916
1768
1917
1769
1918
1770
1919
1771
1920
1772
1921
1773
1922
1774
1923
1775
1924
1776
1925
1777
1926
1778
1927
1779
1928
1780
1929
1781
1930
1782
1931
1783
1932
1784
1933
1785
1934
1786
1935
1787
1936
1788
1937
1789
1938
1790
1939
1791
1940
1792
1941
1793
1942
1794
1943
1795
1944
1796
1945
1797
1946
1798
1947
1799
1948
1949
1801
1950
1802
1951
1803
1952
1804
1953
1805
1954
1806
1955
1807
1956
1808
1957
1809
1958
1810
1959
1811
1960
1812
1961
1813
1962
1814
1963
1815
1964
1816
1965
1817
1966
1818
1967
1819
1968
1820
1969
1821
1970
1822
1971
1823
1972
1824
1973
1825
1974
1826
1975
1827
1976
1828
1977
1829
1978
1830
1979
1831
1980
1832
1981
1833
1982
1834
1983
1835
1984
1836
1985
1837
1986
1838
1987
1839
1988
1840
1989
1841
1990
1842
1991
1843
1992
1844
1993
1845
1994
1846
1995
1847
1996
1848
1997
1849
1998
1850
1999
1851
2000
1852
2001
1853
2002
1854
2003
1855
2004
1856
2005
1857
2006
1858
2007
1859
2008
1860
2009
1861
2010
1862
2011
1863
2012
1864
2013
1865
2014
1866
2015
1867
2016
1868
2017
1869
2018
1870
2019
1871
2020
1872
2021
1873
2022
1874
2023
1875
2024
1876
2025
1877
2026
1878
2027
1879
2028
1880
2029
1881
2030
1882
2031
1883
2032
1884
2033
1885
2034
1886
2035
1887
2036
1888
2037
1889
2038
1890
2039
1891
2040
1892
2041
1893
2042
1894
2043
1895
2044
1896
2045
1897
2046
1898
2047
1899
2048
1900
2049
1901
2050
1902
2051
1903
2052
1904
2053
1905
2054
1906
2055
1907
2056
1908
2057
1909
2058
1910
2059
1911
2060
1912
2061
1913
2062
1914
2063
1915
2064
1916
2065
1917
2066
1918
2067
1919
2068
1920
2069
1921
2070
1922
2071
1923
2072
1924
2073
1925
2074
1926
2075
1927
2076
1928
2077
1929
2078
1930
2079
1931
2080
1932
2081
1933
2082
1934
2083
1935
2084
1936
2085
1937
2086
1938
2087
1939
2088
1940
2089
1941
2090
1942
2091
1943
2092
1944
2093
1945
2094
1946
2095
1947
2096
1948
2097
1949
2098
2099
1951
2100
1952
2101
1953
2102
1954
2103
1955
2104
1956
2105
1957
2106
1958
2107
1959
2108
1960
2109
1961
2110
1962
2111
1963
2112
1964
2113
1965
2114
1966
2115
1967
2116
1968
2117
1969
2118
1970
2119
1971
2120
1972
2121
1973
2122
1974
2123
1975
2124
1976
2125
1977
2126
1978
2127
1979
2128
1980
2129
1981
2130
1982
2131
1983
2132
1984
2133
1985
2134
1986
2135
1987
2136
1988
2137
1989
2138
1990
2139
1991
2140
1992
2141
1993
2142
1994
2143
1995
2144
1996
2145
1997
2146
1998
2147
1999
2148
2000
2149
2001
2150
2002
2151
2003
2152
2004
2153
2005
2154
2006
2155
2007
2156
2008
2157
2009
2158
2010
2159
2011
2160
2012
2161
2013
2162
2014
2163
2015
2164
2016
2165
2017
2166
2018
2167
2019
2168
2020
2169
2021
2170
2022
2171
2023
2172
2024
2173
2025
2174
2026
2175
2027
2176
2028
2177
2029
2178
2030
2179
2031
2180
2032
2181
2033
2182
2034
2183
2035
2184
2036
2185
2037
2186
2038
2187
2039
2188
2040
2189
2041
2190
2042
2191
2043
2192
2044
2193
2045
2194
2046
2195
2047
2196
2048
2197
2049
2198
2050
2199
2051
2200
2052
2201
2053
2202
2054
2203
2055
2204
2056
2205
2057
2206
2058
2207
2059
2208
2060
2209
2061
2210
2062
2211
2063
2212
2064
2213
2065
2214
2066
2215
2067
2216
2068
2217
2069
2218
2070
2219
2071
2220
2072
2221
2073
2222
2074
2223
2075
2224
2076
2225
2077
2226
2078
2227
2079
2228
2080
2229
2081
2230
2082
2231
2083
2232
2084
2233
2085
2234
2086
2235
2087
2236
2088
2237
2089
2238
2090
2239
2091
2240
2092
2241
2093
2242
2094
2243
2095
2244
2096
2245
2097
2246
2098
2247
2099
2248
2249
2101
2250
2102
2251
2103
2252
2104
2253
2105
2254
2106
2255
2107
2256
2108
2257
2109
2258
2110
2259
2111
2260
2112
2261
2113
2262
2114
2263
2115
2264
2116
2265
2117
2266
2118
2267
2119
2268
2120
2269
2121
2270
2122
2271
2123
2272
2124
2273
2125
2274
2126
2275
2127
2276
2128
2277
2129
2278
2130
2279
2131
2280
2132
2281
2133
2282
2134
2283
2135
2284
2136
2285
2137
2286
2138
2287
2139
2288
2140
2289
2141
2290
2142
2291
2143
2292
2144
2293
2145
2294
2146
2295
2147
2296
2148
2297
2149
2298
2150
2299
2151
2300
2152
2301
2153
2302
2154
2303
2155
2304
2156
2305
2157
2306
2158
2307
2159
2308
2160
2309
2161
2310
2162
2311
2163
2312
2164
2313
2165
2314
2166
2315
2167
2316
2168
2317
2169
2318
2170
2319
2171
2320
2172
2321
2173
2322
2174
2323
2175
2324
2176
2325
2177
2326
2178
2327
2179
2328
2180
2329
2181
2330
2182
2331
2183
2332
2184
2333
2185
2334
2186
2335
2187
2336
2188
2337
2189
2338
2190
2339
2191
2340
2192
2341
2193
2342
2194
2343
2195
2344
2196
2345
2197
2346
2198
2347
2199
2348
2200
2349
2201
2350
2202
2351
2203
2352
2204
2353
2205
2354
2206
2355
2207
2356
2208
2357
2209
2358
2210
2359
2211
2360
2212
2361
2213
2362
2214
2363
2215
2364
2216
2365
2217
2366
2218
2367
2219
2368
2220
2369
2221
2370
2222
2371
2223
2372
2224
2373
2225
2374
2226
2375
2227
2376
2228
2377
2229
2378
2230
2379
2231
2380
2232
2381
2233
2382
2234
2383
2235
2384
2236
2385
2237
2386
2238
2387
2239
2388
2240
2389
2241
2390
2242
2391
2243
2392
2244
2393
2245
2394
2246
2395
2247
2396
2248
2397
2249
2398
2399
2251
2400
2252
2401
2253
2402
2254
2403
2255
2404
2256
2405
2257
2406
2258
2407
2259
2408
2260
2409
2261
2410
2262
2411
2263
2412
2264
2413
2265
2414
2266
2415
2267
2416
2268
2417
2269
2418
2270
2419
2271
2420
2272
2421
2273
2422
2274
2423
2275
2424
2276
2425
2277
2426
2278
2427
2279
2428
2280
2429
2281
2430
2282
2431
2283
2432
2284
2433
2285
2434
2286
2435
2287
2436
2288
2437
2289
2438
2290
2439
2291
2440
2292
2441
2293
2442
2294
2443
2295
2444
2296
2445
2297
2446
2298
2447
2299
2448
2300
2449
2301
2450
2302
2451
2303
2452
2304
2453
2305
2454
2306
2455
2307
2456
2308
2457
2309
2458
2310
2459
2311
2460
2312
2461
2313
2462
2314
2463
2315
2464
2316
2465
2317
2466
2318
2467
2319
2468
2320
2469
2321
2470
2322
2471
2323
2472
2324
2473
2325
2474
2326
2475
2327
2476
2328
2477
2329
2478
2330
2479
2331
2480
2332
2481
2333
2482
2334
2483
2335
2484
2336
2485
2337
2486
2338
2487
2339
2488
2340
2489
2341
2490
2342
2491
2343
2492
2344
2493
2345
2494
2346
2495
2347
2496
2348
2497
2349
2498
2350
2499
2351
2500
2352
2501
2353
2502
2354
2503
2355
2504
2356
2505
2357
2506
2358
2507
2359
2508
2360
2509
2361
2510
2362
2511
2363
2512
2364
2513
2365
2514
2366
2515
2367
2516
2368
2517
2369
2518
2370
2519
2371
2520
2372
2521
2373
2522
2374
2523
2375
2524
2376
2525
2377
2526
2378
2527
2379
2528
2380
2529
2381
2530
2382
2531
2383
2532
2384
2533
2385
2534
2386
2535
2387
2536
2388
2537
2389
2538
2390
2539
2391
2540
2392
2541
2393
2542
2394
2543
2395
2544
2396
2545
2397
2546
2398
2547
2399
2548
2549
2401
2550
2402
2551
2403
2552
2404
2553
2405
2554
2406
2555
2407
2556
2408
2557
2409
2558
2410
2559
2411
2560
2412
2561
2413
2562
2414
2563
2415
2564
2416
2565
2417
2566
2418
2567
2419
2568
2420
2569
2421
2570
2422
2571
2423
2572
2424
2573
2425
2574
2426
2575
2427
2576
2428
2577
2429
2578
2430
2579
2431
2580
2432
2581
2433
2582
2434
2583
2435
2584
2436
2585
2437
2586
2438
2587
2439
2588
2440
2589
2441
2590
2442
2591
2443
2592
2444
2593
2445
2594
2446
2595
2447
2596
2448
2597
2449
2598
2450
2599
2451
2600
2452
2601
2453
2602
2454
2603
2455
2604
2456
2605
2457
2606
2458
2607
2459
2608
2460
2609
2461
2610
2462
2611
2463
2612
2464
2613
2465
2614
2466
2615
2467
2616
2468
2617
2469
2618
2470
2619
2471
2620
2472
2621
2473
2622
2474
2623
2475
2624
2476
2625
2477
2626
2478
2627
2479
2628
2480
2629
2481
2630
2482
2631
2483
2632
2484
2633
2485
2634
2486
2635
2487
2636
2488
2637
2489
2638
2490
2639
2491
2640
2492
2641
2493
2642
2494
2643
2495
2644
2496
2645
2497
2646
2498
2647
2499
2648
2500
2649
2501
2650
2502
2651
2503
2652
2504
2653
2505
2654
2506
2655
2507
2656
2508
2657
2509
2658
2510
2659
2511
2660
2512
2661
2513
2662
2514
2663
2515
2664
2516
2665
2517
2666
2518
2667
2519
2668
2520
2669
2521
2670
2522
2671
2523
2672
2524
2673
2525
2674
2526
2675
2527
2676
2528
2677
2529
2678
2530
2679
2531
2680
2532
2681
2533
2682
2534
2683
2535
2684
2536
2685
2537
2686
2538
2687
2539
2688
2540
2689
2541
2690
2542
2691
2543
2692
2544
2693
2545
2694
2546
2695
2547
2696
2548
2697
2549
2698
2699
2551
2700
2552
2701
2553
2702
2554
2703
2555
2704
2556
2705
2557
2706
2558
2707
2559
2708
2560
2709
2561
2710
2562
2711
2563
2712
2564
2713
2565
2714
2566
2715
2567
2716
2568
2717
2569
2718
2570
2719
2571
2720
2572
2721
2573
2722
2574
2723
2575
2724
2576
2725
2577
2726
2578
2727
2579
2728
2580
2729
2581
2730
2582
2731
2583
2732
2584
2733
2585
2734
2586
2735
2587
2736
2588
2737
2589
2738
2590
2739
2591
2740
2592
2741
2593
2742
2594
2743
2595
2744
2596
2745
2597
2746
2598
2747
2599
2748
2600
2749
2601
2750
2602
2751
2603
2752
2604
2753
2605
2754
2606
2755
2607
2756
2608
2757
2609
2758
2610
2759
2611
2760
2612
2761
2613
2762
2614
2763
2615
2764
2616
2765
2617
2766
2618
2767
2619
2768
2620
2769
2621
2770
2622
2771
2623
2772
2624
2773
2625
2774
2626
2775
2627
2776
2628
2777
2629
2778
2630
2779
2631
2780
2632
2781
2633
2782
2634
2783
2635
2784
2636
2785
2637
2786
2638
2787
2639
2788
2640
2789
2641
2790
2642
2791
2643
2792
2644
2793
2645
2794
2646
2795
2647
2796
2648
2797
2649
2798
2650
2799
2651
2800
2652
2801
2653
2802
2654
2803
2655
2804
2656
2805
2657
2806
2658
2807
2659
2808
2660
2809
2661
2810
2662
2811
2663
2812
2664
2813
2665
2814
2666
2815
2667
2816
2668
2817
2669
2818
2670
2819
2671
2820
2672
2821
2673
2822
2674
2823
2675
2824
2676
2825
2677
2826
2678
2827
2679
2828
2680
2829
2681
2830
2682
2831
2683
2832
2684
2833
2685
2834
2686
2835
2687
2836
2688
2837
2689
2838
2690
2839
2691
2840
2692
2841
2693
2842
2694
2843
2695
2844
2696
2845
2697
2846
2698
2847
2699
2848
2849
2701
2850
2702
2851
2703
2852
2704
2853
2705
2854
2706
2855
2707
2856
2708
2857
2709
2858
2710
2859
2711
2860
2712
2861
2713
2862
2714
2863
2715
2864
2716
2865
2717
2866
2718
2867
2719
2868
2720
2869
2721
2870
2722
2871
2723
2872
2724
2873
2725
2874
2726
2875
2727
2876
2728
2877
2729
2878
2730
2879
2731
2880
2732
2881
2733
2882
2734
2883
2735
2884
2736
2885
2737
2886
2738
2887
2739
2888
2740
2889
2741
2890
2742
2891
2743
2892
2744
2893
2745
2894
2746
2895
2747
2896
2748
2897
2749
2898
2750
2899
2751
2900
2752
2901
2753
2902
2754
2903
2755
2904
2756
2905
2757
2906
2758
2907
2759
2908
2760
2909
2761
2910
2762
2911
2763
2912
2764
2913
2765
2914
2766
2915
2767
2916
2768
2917
2769
2918
2770
2919
2771
2920
2772
2921
2773
2922
2774
2923
2775
2924
2776
2925
2777
2926
2778
2927
2779
2928
2780
2929
2781
2930
2782
2931
2783
2932
2784
2933
2785
2934
2786
2935
2787
2936
2788
2937
2789
2938
2790
2939
2791
2940
2792
2941
2793
2942
2794
2943
2795
2944
2796
2945
2797
2946
2798
2947
2799
2948
2800
2949
2801
2950
2802
2951
2803
2952
2804
2953
2805
2954
2806
2955
2807
2956
2808
2957
2809
2958
2810
2959
2811
2960
2812
2961
2813
2962
2814
2963
2815
2964
2816
2965
2817
2966
2818
2967
2819
2968
2820
2969
2821
2970
2822
2971
2823
2972
2824
2973
2825
2974
2826
2975
2827
2976
2828
2977
2829
2978
2830
2979
2831
2980
2832
2981
2833
2982
2834
2983
2835
2984
2836
2985
2837
2986
2838
2987
2839
2988
2840
2989
2841
2990
2842
2991
2843
2992
2844
2993
2845
2994
2846
2995
2847
2996
2848
2997
2849
2998
2999
2851
3000
2852
3001
2853
3002
2854
3003
2855
3004
2856
3005
2857
3006
2858
3007
2859
3008
2860
3009
2861
3010
2862
3011
2863
3012
2864
3013
2865
3014
2866
3015
2867
3016
2868
3017
2869
3018
2870
3019
2871
3020
2872
3021
2873
3022
2874
3023
2875
3024
2876
3025
2877
3026
2878
3027
2879
3028
2880
3029
2881
3030
2882
3031
2883
3032
2884
3033
2885
3034
2886
3035
2887
3036
2888
3037
2889
3038
2890
3039
2891
3040
2892
3041
2893
3042
2894
3043
2895
3044
2896
3045
2897
3046
2898
3047
2899
3048
2900
3049
2901
3050
2902
3051
2903
3052
2904
3053
2905
3054
2906
3055
2907
3056
2908
3057
2909
3058
2910
3059
2911
3060
2912
3061
2913
3062
2914
3063
2915
3064
2916
3065
2917
3066
2918
3067
2919
3068
2920
3069
2921
3070
2922
3071
2923
3072
2924
3073
2925
3074
2926
3075
2927
3076
2928
3077
2929
3078
2930
3079
2931
3080
2932
3081
2933
3082
2934
3083
2935
3084
2936
3085
2937
3086
2938
3087
2939
3088
2940
3089
2941
3090
2942
3091
2943
3092
2944
3093
2945
3094
2946
3095
2947
3096
2948
3097
2949
3098
2950
3099
2951
3100
2952
3101
2953
3102
2954
3103
2955
3104
2956
3105
2957
3106
2958
3107
2959
3108
2960
3109
2961
3110
2962
3111
2963
3112
2964
3113
2965
3114
2966
3115
2967
3116
2968
3117
2969
3118
2970
3119
2971
3120
2972
3121
2973
3122
2974
3123
2975
3124
2976
3125
2977
3126
2978
3127
2979
3128
2980
3129
2981
3130
2982
3131
2983
3132
2984
3133
2985
3134
2986
3135
2987
3136
2988
3137
2989
3138
2990
3139
2991
3140
2992
3141
2993
3142
2994
3143
2995
3144
2996
3145
2997
3146
2998
3147
2999
3148
3149
3001
3150
3002
3151
3003
3152
3004
3153
3005
3154
3006
3155
3007
3156
3008
3157
3009
3158
3010
3159
3011
3160
3012
3161
3013
3162
3014
3163
3015
3164
3016
3165
3017
3166
3018
3167
3019
3168
3020
3169
3021
3170
3022
3171
3023
3172
3024
3173
3025
3174
3026
3175
3027
3176
3028
3177
3029
3178
3030
3179
3031
3180
3032
3181
3033
3182
3034
3183
3035
3184
3036
3185
3037
3186
3038
3187
3039
3188
3040
3189
3041
3190
3042
3191
3043
3192
3044
3193
3045
3194
3046
3195
3047
3196
3048
3197
3049
3198
3050
3199
3051
3200
3052
3201
3053
3202
3054
3203
3055
3204
3056
3205
3057
3206
3058
3207
3059
3208
3060
3209
3061
3210
3062
3211
3063
3212
3064
3213
3065
3214
3066
3215
3067
3216
3068
3217
3069
3218
3070
3219
3071
3220
3072
3221
3073
3222
3074
3223
3075
3224
3076
3225
3077
3226
3078
3227
3079
3228
3080
3229
3081
3230
3082
3231
3083
3232
3084
3233
3085
3234
3086
3235
3087
3236
3088
3237
3089
3238
3090
3239
3091
3240
3092
3241
3093
3242
3094
3243
3095
3244
3096
3245
3097
3246
3098
3247
3099
3248
3100
3249
3101
3250
3102
3251
3103
3252
3104
3253
3105
3254
3106
3255
3107
3256
3108
3257
3109
3258
3110
3259
3111
3260
3112
3261
3113
3262
3114
3263
3115
3264
3116
3265
3117
3266
3118
3267
3119
3268
3120
3269
3121
3270
3122
3271
3123
3272
3124
3273
3125
3274
3126
3275
3127
3276
3128
3277
3129
3278
3130
3279
3131
3280
3132
3281
3133
3282
3134
3283
3135
3284
3136
3285
3137
3286
3138
3287
3139
3288
3140
3289
3141
3290
3142
3291
3143
3292
3144
3293
3145
3294
3146
3295
3147
3296
3148
3297
3149
3298
3299
3151
3300
3152
3301
3153
3302
3154
3303
3155
3304
3156
3305
3157
3306
3158
3307
3159
3308
3160
3309
3161
3310
3162
3311
3163
3312
3164
3313
3165
3314
3166
3315
3167
3316
3168
3317
3169
3318
3170
3319
3171
3320
3172
3321
3173
3322
3174
3323
3175
3324
3176
3325
3177
3326
3178
3327
3179
3328
3180
3329
3181
3330
3182
3331
3183
3332
3184
3333
3185
3334
3186
3335
3187
3336
3188
3337
3189
3338
3190
3339
3191
3340
3192
3341
3193
3342
3194
3343
3195
3344
3196
3345
3197
3346
3198
3347
3199
3348
3200
3349
3201
3350
3202
3351
3203
3352
3204
3353
3205
3354
3206
3355
3207
3356
3208
3357
3209
3358
3210
3359
3211
3360
3212
3361
3213
3362
3214
3363
3215
3364
3216
3365
3217
3366
3218
3367
3219
3368
3220
3369
3221
3370
3222
3371
3223
3372
3224
3373
3225
3374
3226
3375
3227
3376
3228
3377
3229
3378
3230
3379
3231
3380
3232
3381
3233
3382
3234
3383
3235
3384
3236
3385
3237
3386
3238
3387
3239
3388
3240
3389
3241
3390
3242
3391
3243
3392
3244
3393
3245
3394
3246
3395
3247
3396
3248
3397
3249
3398
3250
3399
3251
3400
3252
3401
3253
3402
3254
3403
3255
3404
3256
3405
3257
3406
3258
3407
3259
3408
3260
3409
3261
3410
3262
3411
3263
3412
3264
3413
3265
3414
3266
3415
3267
3416
3268
3417
3269
3418
3270
3419
3271
3420
3272
3421
3273
3422
3274
3423
3275
3424
3276
3425
3277
3426
3278
3427
3279
3428
3280
3429
3281
3430
3282
3431
3283
3432
3284
3433
3285
3434
3286
3435
3287
3436
3288
3437
3289
3438
3290
3439
3291
3440
3292
3441
3293
3442
3294
3443
3295
3444
3296
3445
3297
3446
3298
3447
3299
3448
3449
3301
3450
3302
3451
3303
3452
3304
3453
3305
3454
3306
3455
3307
3456
3308
3457
3309
3458
3310
3459
3311
3460
3312
3461
3313
3462
3314
3463
3315
3464
3316
3465
3317
3466
3318
3467
3319
3468
3320
3469
3321
3470
3322
3471
3323
3472
3324
3473
3325
3474
3326
3475
3327
3476
3328
3477
3329
3478
3330
3479
3331
3480
3332
3481
3333
3482
3334
3483
3335
3484
3336
3485
3337
3486
3338
3487
3339
3488
3340
3489
3341
3490
3342
3491
3343
3492
3344
3493
3345
3494
3346
3495
3347
3496
3348
3497
3349
3498
3350
3499
3351
3500
3352
3501
3353
3502
3354
3503
3355
3504
3356
3505
3357
3506
3358
3507
3359
3508
3360
3509
3361
3510
3362
3511
3363
3512
3364
3513
3365
3514
3366
3515
3367
3516
3368
3517
3369
3518
3370
3519
3371
3520
3372
3521
3373
3522
3374
3523
3375
3524
3376
3525
3377
3526
3378
3527
3379
3528
3380
3529
3381
3530
3382
3531
3383
3532
3384
3533
3385
3534
3386
3535
3387
3536
3388
3537
3389
3538
3390
3539
3391
3540
3392
3541
3393
3542
3394
3543
3395
3544
3396
3545
3397
3546
3398
3547
3399
3548
3400
3549
3401
3550
3402
3551
3403
3552
3404
3553
3405
3554
3406
3555
3407
3556
3408
3557
3409
3558
3410
3559
3411
3560
3412
3561
3413
3562
3414
3563
3415
3564
3416
3565
3417
3566
3418
3567
3419
3568
3420
3569
3421
3570
3422
3571
3423
3572
3424
3573
3425
3574
3426
3575
3427
3576
3428
3577
3429
3578
3430
3579
3431
3580
3432
3581
3433
3582
3434
3583
3435
3584
3436
3585
3437
3586
3438
3587
3439
3588
3440
3589
3441
3590
3442
3591
3443
3592
3444
3593
3445
3594
3446
3595
3447
3596
3448
3597
3449
3598
3599
3451
3600
3452
3601
3453
3602
3454
3603
3455
3604
3456
3605
3457
3606
3458
3607
3459
3608
3460
3609
3461
3610
3462
3611
3463
3612
3464
3613
3465
3614
3466
3615
3467
3616
3468
3617
3469
3618
3470
3619
3471
3620
3472
3621
3473
3622
3474
3623
3475
3624
3476
3625
3477
3626
3478
3627
3479
3628
3480
3629
3481
3630
3482
3631
3483
3632
3484
3633
3485
3634
3486
3635
3487
3636
3488
3637
3489
3638
3490
3639
3491
3640
3492
3641
3493
3642
3494
3643
3495
3644
3496
3645
3497
3646
3498
3647
3499
3648
3500
3649
3501
3650
3502
3651
3503
3652
3504
3653
3505
3654
3506
3655
3507
3656
3508
3657
3509
3658
3510
3659
3511
3660
3512
3661
3513
3662
3514
3663
3515
3664
3516
3665
3517
3666
3518
3667
3519
3668
3520
3669
3521
3670
3522
3671
3523
3672
3524
3673
3525
3674
3526
3675
3527
3676
3528
3677
3529
3678
3530
3679
3531
3680
3532
3681
3533
3682
3534
3683
3535
3684
3536
3685
3537
3686
3538
3687
3539
3688
3540
3689
3541
3690
3542
3691
3543
3692
3544
3693
3545
3694
3546
3695
3547
3696
3548
3697
3549
3698
3550
3699
3551
3700
3552
3701
3553
3702
3554
3703
3555
3704
3556
3705
3557
3706
3558
3707
3559
3708
3560
3709
3561
3710
3562
3711
3563
3712
3564
3713
3565
3714
3566
3715
3567
3716
3568
3717
3569
3718
3570
3719
3571
3720
3572
3721
3573
3722
3574
3723
3575
3724
3576
3725
3577
3726
3578
3727
3579
3728
3580
3729
3581
3730
3582
3731
3583
3732
3584
3733
3585
3734
3586
3735
3587
3736
3588
3737
3589
3738
3590
3739
3591
3740
3592
3741
3593
3742
3594
3743
3595
3744
3596
3745
3597
3746
3598
3747
3599
3748
3749
3601
3602
3603
3604
3605
3606
3607
3608
3609
3610
3611
3612
3613
3614
3615
3616
3617
3618
3619
3620
3621
3622
3623
3624
3625
3626
3627
3628
3629
3630
3631
3632
3633
3634
3635
3636
3637
3638
3639
3640
3641
3642
3643
3644
3645
3646
3647
3648
3649
3650
3651
3652
3653
3654
3655
3656
3657
3658
3659
3660
3661
3662
3663
3664
3665
3666
3667
3668
3669
3670
3671
3672
3673
3674
3675
3676
3677
3678
3679
3680
3681
3682
3683
3684
3685
3686
3687
3688
3689
3690
3691
3692
3693
3694
3695
3696
3697
3698
3699
3700
3701
3702
3703
3704
3705
3706
3707
3708
3709
3710
3711
3712
3713
3714
3715
3716
3717
3718
3719
3720
3721
3722
3723
3724
3725
3726
3727
3728
3729
3730
3731
3732
3733
3734
3735
3736
3737
3738
3739
3740
3741
3742
3743
3744
3745
3746
3747
3748
3749
)


// ************************************************************************* //
